gl_para1:
0.0267032	0.999216	0.0292292	0	0.998278	-0.0251277	-0.0530025	0	-0.0522265	0.0305942	-0.998167	0	61.9031	34.7179	237.994	1
LeapMotion1:
-40.1304, 281.404, -71.4924
gl_para2:
-0.977643	-0.108776	0.179948	0	-0.119675	0.991511	-0.050833	0	-0.172891	-0.0712318	-0.982362	0	32.9975	38.9169	273.174	1	
LeapMotion2:
-32.0729, 313.668, -43.103
gl_para3:
-0.840517	0.411222	0.352742	0	0.430623	0.902167	-0.0256411	0	-0.328777	0.130347	-0.935369	0	-10.5968	16.5765	226.485	1	
LeapMotion3:
2.81554, 238.856, -13.3523
gl_para4:
0.432438	0.896651	-0.0949409	0	0.885617	-0.442158	-0.142052	0	-0.16935	-0.0226524	-0.985296	0	26.477	28.9476	288.146	1	
LeapMotion4:
-13.2148, 296.549, -33.6401
gl_para5:
-0.942889	0.168835	0.28715	0	0.138118	0.982596	-0.124211	0	-0.303123	-0.0774569	-0.949798	0	-18.8907	55.8999	310.489	1
LeapMotion5:
16.9334, 339.452, 25.6854
gl_para6:
-0.969467	0.123287	0.211977	0	0.111434	0.991509	-0.0670314	0	-0.218442	-0.0413632	-0.974973	0	23.2594	4.99907	292.287	1
LeapMotion6:
-46.0988, 361.661, -20.1633
gl_para7:
-0.944922	0.22457	0.2381	0	0.226647	0.973792	-0.0189878	0	-0.236124	0.0360226	-0.971055	0	-28.1762	-25.4116	303.149	1	
LeapMotion7:
86.9195, 337.645, 28.4825
gl_para8:
-0.931205	-0.343954	0.120639	0	-0.348276	0.741982	-0.572858	0	0.107525	-0.575463	-0.810728	0	-21.7202	3.24202	503.492	1
LeapMotion8:
93.1905, 583.547, 2.9102
gl_para9:
-0.990037	-0.0816637	0.11471	0	-0.107214	0.965297	-0.238131	0	-0.0912824	-0.248057	-0.964435	0	4.32622	3.45351	526.571	1	
LeapMotion9:
68.1736, 568.428, -32.454
gl_para10:
-0.949547	-0.223446	0.220075	0	-0.303816	0.829485	-0.46867	0	-0.0778259	-0.511886	-0.855521	0	-33.7995	63.6258	405.673	1	
LeapMotion10:
-31.2864, 449.271, 14.3583