%YAML:1.0
R: !!opencv-matrix
   rows: 3
   cols: 3
   dt: d
   data: [ 9.9843475228032608e-001, -5.5909598132276792e-002,
       -1.4704678205508252e-003, 5.5918977649937987e-002,
       9.9840798870545444e-001, 7.3862052310397280e-003,
       1.0551670529823018e-003, -7.4568710473371319e-003,
       9.9997164044620468e-001 ]
T: !!opencv-matrix
   rows: 3
   cols: 1
   dt: d
   data: [ -3.5040969434357035e-002, -5.8703667251524720e+000,
       7.2664250232939778e-002 ]
R1: !!opencv-matrix
   rows: 3
   cols: 3
   dt: d
   data: [ 9.9808437393414240e-001, -6.1863921752729284e-002,
       -6.6158435835052536e-004, 6.1859860503385891e-002,
       9.9807232138682478e-001, -4.9998940004801415e-003,
       9.6962208754975462e-004, 4.9493905570875078e-003,
       9.9998728160218142e-001 ]
R2: !!opencv-matrix
   rows: 3
   cols: 3
   dt: d
   data: [ 9.9998188448639103e-001, -5.9584624896475763e-003,
       8.5289143835108388e-004, 5.9685642853422550e-003,
       9.9990558889209968e-001, -1.2376976315509887e-002,
       -7.7906316681425965e-004, 1.2381842637605219e-002,
       9.9992303855520781e-001 ]
P1: !!opencv-matrix
   rows: 3
   cols: 4
   dt: d
   data: [ 7.2359652512011132e+002, 0., 3.3348800659179687e+002, 0., 0.,
       7.2359652512011132e+002, 2.5152230262756348e+002, 0., 0., 0., 1.,
       0. ]
P2: !!opencv-matrix
   rows: 3
   cols: 4
   dt: d
   data: [ 7.2359652512011132e+002, 0., 3.3348800659179687e+002, 0., 0.,
       7.2359652512011132e+002, 2.5152230262756348e+002,
       -4.2481780386962455e+003, 0., 0., 1., 0. ]
Q: !!opencv-matrix
   rows: 4
   cols: 4
   dt: d
   data: [ 1., 0., 0., -3.3348800659179687e+002, 0., 1., 0.,
       -2.5152230262756348e+002, 0., 0., 0., 7.2359652512011132e+002, 0.,
       0., 1.7033102627266092e-001, 0. ]
