%YAML:1.0
M1: !!opencv-matrix
   rows: 3
   cols: 3
   dt: d
   data: [ 8.1081476450567152e+002, 0., 3.3303482269041183e+002, 0.,
       8.1184161306466819e+002, 2.3907806962586608e+002, 0., 0., 1. ]
D1: !!opencv-matrix
   rows: 5
   cols: 1
   dt: d
   data: [ -1.6788532711208618e-002, 2.4197030130509820e-002,
       -2.4661264328860021e-003, 9.7406476611995542e-004,
       -2.2972198252378704e-002 ]
M2: !!opencv-matrix
   rows: 3
   cols: 3
   dt: d
   data: [ 8.0899389497677987e+002, 0., 3.3245823285610066e+002, 0.,
       8.1016306404919624e+002, 2.5003867385622956e+002, 0., 0., 1. ]
D2: !!opencv-matrix
   rows: 5
   cols: 1
   dt: d
   data: [ 3.1087271894476832e-003, -1.2764669948482463e-001,
       -4.1735449075789169e-003, 2.7340857955979393e-003,
       3.8831496475996613e-001 ]
